RainIntensity: 0.1029434
RumbleIntensity: 0
PlacedObjects: LightSource><165.4773><403.7218><1~EffectColor1~217.7063~-75.73022~50~86.60254~0~0~None~0~0, LightSource><952.0938><408.4573><1~EffectColor1~217.7063~-75.73022~50~86.60254~0~0~None~0~0, LightFixture><557.3492><96.97099><RedLight~17.32051~-10~93, LightFixture><67.123><45.01172><RedLight~17.32051~-10~48, LightFixture><1072.226><63.71579><RedLight~17.32051~-10~96, LightFixture><274.1305><2054.967><RedLight~17.32051~-10~41, LightFixture><543.6171><2211.499><RedLight~17.32051~-10~37, LightFixture><855.5345><2063.009><RedLight~17.32051~-10~71, LightFixture><166.9059><2202.513><RedLight~17.32051~-10~79, SuperStructureFuses><371.9753><1318.403><375.8083~-213.9905, SuperStructureFuses><367.1763><1548.834><377.2313~-137.1531, LightSource><566.1216><1531.18><0.05654376~EffectColor1~382.0531~170.4344~50~86.60254~0~1~None~0~0, LightSource><422.7457><1185.065><1~EffectColor1~-27.74689~278.5761~50~86.60254~0~0~None~0~0, LightSource><705.9291><1189.264><1~EffectColor1~-27.74689~278.5761~50~86.60254~0~0~None~0~0, LightFixture><616.5996><1847.219><RedLight~17.32051~-10~74, LanternOnStick><982.5383><67.05547><29.88123~-48.69477, InsectGroup><565.1575><25.625><-75.41455~426.5594~0~0~RockFlea~0.2757356, WallSteamer><192.7248><1012.083><0~100, WallSteamer><929.2688><1013.099><0~100, LightSource><562.8569><1178.968><1~White~-244.0302~257.2324~50~86.60254~1~0~None~0~0, LightSource><561.5791><632.7076><0.1184105~Environment~-103.1614~37.39166~-419.5625~-149.6016~1~0~None~0~0, LightSource><558.6573><508.0615><0.1184105~Environment~-103.1614~37.39166~-419.5625~-149.6016~1~0~None~0~0, LightSource><560.7917><345.8489><0.1184105~Environment~-103.1614~37.39166~-419.5625~-149.6016~1~0~None~0~0, GooieDuck><662.6158><601.9992><-63.31982~-132.3313~2~3, GooieDuck><697.1083><627.9009><0~0~2~3, LightFixture><563.1083><947.6327><RedLight~17.32051~-10~45, CustomDecal><229.44><188.3484><5.69165~96.91667~108.3~88.37917~97.62814~-5.691666~209.1688~98.18121~0.1546644~1~0~owlface~0.2138698~0.5722603~0.2138698~0.5722603~0.2138698~0.5722603~0.2138698~0.5722603, CustomDecal><696.5933><206.0611><-43.39886~108.3~171.6198~136.7583~219.2874~20.63231~-80.39478~160.0781~0.2087973~0.3504081~0~shinytag~0.3917356~0.6573261~0.3917356~0.6573261~0.3917356~0.6573261~0.3917356~0.6573261, CustomDecal><949.8835><29.06502><-27.0354~60.63229~52.09473~73.43855~68.45837~15.65208~-399.1281~116.6792~0~1~0.5490603~scavmark arrow~1~0.139198~1~0.139198~1~0.139198~1~0.139198, CustomDecal><774.9545><1097.748><2.134338~65.61249~180.1575~84.11032~174.4657~4.980194~-441.104~-48.37909~0~1~0~chaoticb&w~0.1133376~0.7810576~0.1133376~0.7810576~0.1133376~0.7810576~0.1133376~0.7810576, 
Triggers: Spot<tA>event<tB>MusicEvent<eA>songName<eB>rw_91 - sheer ice torrent<eA>vol<eB>0.3<eA>prio<eB>0.5<eA>mxThrt<eB>1<eA>loop<eB>0<eA>droneTol<eB>0<eA>rooms<eB>-1<eA>rest<eB>5<eA>fadeIn<eB>0<eA>oneSongPerCycle<eB>0<eA>stopAtDeath<eB>0<eA>stopAtGate<eB>0<tA>multiUse<tB>0<tA>toCycle<tB>-1<tA>fromCycle<tB>0<tA>delay<tB>0<tA>panPos<tB>711.7518<tB>213.0351<tA>fireChance<tB>1<tA>entrance<tB>-1<tA>karma<tB>0<tA>slugcats<tB><tA>pos<tB>315.5518<tB>201.6518<tA>handlePos<tB>-35.35534<tB>-35.35534, 
FadePalette: 33, 0.8429233, 0.8738567, 0.8893225
