Template: NONE
Clouds: 0.3093298
Grime: 0.2061366
Palette: 6970
EffectColorA: 14
EffectColorB: 18
Effects: ModifyEffectColorB-0.09279898,1,0.3530691-20-20, ModifyEffectColorA-0.3789291,0.2808085,0.1056064-293.2396-22.17396, SkyBloom-0.1546644-288.2594-119.6438, LightBurn-0.05413321-339.4843-294.6625, Contrast-0.01546677-22.88541-135.2958, ButterfliesB-0.06959915-44.22913-30.71146, 
PlacedObjects: LightSource><2092.693><687.9659><0.249874~Environment~-979.6782~-689.7188~-28.2605~-279.087~1~1~None~0~0, LightBeam><1293.87><110.8918><475.9656~629.0875~1060.943~629.7991~1048.136~0.7114563~108.8531~-81.81769~0.7402609~0~1~1~None~0~0, LightSource><2050.992><649.9083><0.404541~EffectColor2~-42.6875~-43.71466~-0.5135498~-254.186~1~1~None~0~0, CustomDecal><1322.637><119.338><-11.38333~79.1302~170.1968~104.0312~175.8885~1.422897~202.7656~115.2562~0.3170624~1~0~whitetag4~0.4768~0.796524~0.4768~0.796524~0.4768~0.796524~0.4768~0.796524, CustomDecal><192.5723><442.1583><19.92081~132.4896~335.2551~134.6239~277.627~-102.45~462.4478~-150.8292~0.2938631~1~0~bluewhitejunk~0.2370698~0.6186596~0.2370698~0.6186596~0.2370698~0.6186596~0.2370698~0.6186596, CustomDecal><438.4147><118.1302><-55.49374~254.8604~53.5177~303.9511~125.375~11.38333~165.0583~-12.09477~0.3247966~0.6752034~0~actual vertical pink~0.360802~0.4253281~0.360802~0.4253281~0.360802~0.4253281~0.360802~0.4253281, InsectGroup><1927.786><330.2066><-335.8083~159.7625~0~0~RedSwarmer~0.1210712, InsectGroup><594.0427><496.2261><61.18536~134.15~0~0~Ant~0.1210705, CustomDecal><1296.372><254.275><28.45834~156.6791~227.1136~120.3948~188.6949~-78.97186~283.1604~-85.37497~0.3093302~1~0~mdrermpuddle~0.2138712~0.007732889~0.685598~0.5258603~0.09787253~0.6573241~0.4149349~0.433061, LightSource><1656.48><425.7983><0.05654509~Environment~290.2749~294.9396~50~86.60254~1~1~None~0~0, LightSource><1234.269><306.4748><0.1106766~Environment~-151.5406~-188.1406~50~86.60254~1~1~None~0~0, LightSource><900.4103><256.9323><0.1106766~Environment~-151.5406~-188.1406~50~86.60254~1~1~None~0~0, LightSource><509.1083><508.7886><0.05654443~Environment~-82.52917~-105.6115~50~86.60254~1~1~None~0~0, LightSource><632.9021><516.6145><0.05654443~Environment~-82.52917~-105.6115~50~86.60254~1~1~None~0~0, 
FadePalette: 54, 0, 0.4562613
