DangerType: Rain
WaveSpeed: 0.5004341
WaveLength: 0.9997829
WaveAmplitude: 0.04828901
SecondWaveLength: 0
SecondWaveAmplitude: 0
Clouds: 0.03866643
Palette: 6969
EffectColorA: 13
EffectColorB: 18
PlacedObjects: AirPocket><-193.1398><154.0242><1351.455~-349.9573~30~30~Y~-22.45001, LightBeam><78.71548><676.5703><-3.557251~74.86157~750.0354~74.15013~751.4582~2.845825~-39.84164~-162.549~0.3922663~0~0~1~None~0~0, LightSource><-112.6248><1286.266><0.2576088~Environment~858.0187~-709.6395~-29.68335~-372.9995~1~1~None~0~0, LightSource><1069.879><1317.689><0.2576088~Environment~858.0187~-709.6395~-29.68335~-372.9995~1~1~None~0~0, InsectGroup><468.9421><1152.739><-36.28448~-378.8115~0~0~RedSwarmer~0.1674712, LightBeam><-191.175><1056.848><-18.49792~467.5866~1357.621~464.7407~1361.178~-12.09476~262.5281~-120.2364~0.03653717~0~1~1~None~0~0, LightSource><482.3273><954.3387><0.4045404~EffectColor1~-16.36353~100.7115~-10.47394~125.0213~1~0~None~0~0, LightSource><280.1604><886.5458><0.4045404~EffectColor1~-16.36353~100.7115~-10.47394~125.0213~1~0~None~0~0, LightSource><702.0552><903.6208><0.4045404~EffectColor1~-16.36353~100.7115~-10.47394~125.0213~1~0~None~0~0, LightSource><-64.89687><463.6031><0.05654443~EffectColor1~-16.36353~100.7115~-10.47394~125.0213~1~1~None~0~0, LightSource><943.2396><54.51457><0.05654509~EffectColor1~-16.36353~100.7115~-10.47394~125.0213~1~1~None~0~0, LightFixture><191.1176><16.51977><RedLight~17.32051~-10~46, LightFixture><531.8522><0.001710892><RedLight~17.32051~-10~31, LightSource><28.70337><343.256><0.1570763~EffectColor2~-14.22917~-233.674~50~86.60254~1~0~None~0~0, LightSource><948.2197><347.6353><0.05654443~EffectColor2~-140.1573~-243.6344~-408.1791~31.82025~1~0~None~0~0, LightSource><934.702><516.9625><0.05654509~EffectColor1~-16.36353~100.7115~-10.47394~125.0213~1~1~None~0~0, LightSource><265.5328><519.6831><0.3504081~EffectColor2~214.149~-188.8521~50~86.60254~1~0~None~0~0, LightSource><667.9052><529.0573><0.3504081~EffectColor2~214.149~-188.8521~50~86.60254~1~0~None~0~0, CustomDecal><107.1892><752.3682><-25.61255~194.3865~159.5251~164.5052~143.1615~-2.134375~205.6115~238.3385~0.3170624~1~0~cuteghost~0.3066691~0.5181268~0.3066691~0.5181268~0.3066691~0.5181268~0.3066691~0.5181268, CustomDecal><305.5909><748.4387><44.8219~328.1406~348.7728~235.651~261.975~-44.11042~-383.476~125.2167~0.3634624~1~0.4021285~pointyarrows~0.3762685~0.4098617~0.5618661~0.1855976~0.4458674~0.4098617~0.5773326~0.4098617, CustomDecal><727.842><771.3708><-12.80615~125.375~143.8729~164.5052~163.7937~23.47812~-249.0104~140.1573~0.317063~1~0~firewisp~0.5309322~1~0.5309322~1~0.5309322~1~0.5309322~1, CustomDecal><483.1885><1204.359><-24.18958~121.1063~82.68744~115.4145~71.3042~-11.38336~-350.0375~-42.6875~0.1314648~1~0~whitetag2~0.0978709~0.06959934~0.5077334~0.5645266~0.6159985~0.4562615~0.4226676~0.06959934, CustomDecal><390.3893><1353.39><34.86145~137.4697~236.3625~91.93646~146.0073~-92.48956~-274.6229~-239.05~0.7114583~1~0~whitefs~0.2989356~0.7114583~0.2989356~0.7114583~0.2989356~0.7114583~0.2989356~0.7114583, CustomDecal><328.1437><1150.033><-11.38318~124.6637~79.84161~126.7979~100.474~14.94061~-362.1322~-24.18958~0.6882586~1~0~redghostsquid~0.4690664~0.8815891~0.2989353~0.3015959~0.5695987~0.3015959~0.1906695~0.3015959, LightSource><-8.394028><872.9422><0.2034763~EffectColor2~18.49789~321.2635~50~86.60254~1~0~None~0~0, LightSource><966.7177><870.1824><0.2034766~EffectColor2~18.49789~321.2635~-162.726~131.4244~1~0~None~0~0, 
FadePalette: 10, 0.05413271, 0.7501246
