PlacedObjects: CommonGateData><571.7962><424.1945><121.3438~-322.0927~False~False~False~False~True~True~False~False~0~1~1, LightSource><286.6352><405.0254><1~EffectColor1~140.1573~-190.9865~50~86.60254~0~0~None~0~0, LightSource><836.8375><406.3384><1~EffectColor1~140.1573~-190.9865~50~86.60254~0~0~None~0~0, LightSource><58.04643><526.5161><0.1570766~EffectColor1~0~100~-5.493774~-202.2495~1~1~None~0~0, LightSource><1085.848><498.1166><0.1570766~EffectColor1~0~100~-5.493774~-202.2495~1~1~None~0~0, LightSource><588.2926><496.3634><0.1029431~Environment~175.0188~-221.5792~50~86.60254~1~0~None~0~0, LightBeam><675.1435><176.1046><-175.7303~358.7333~-79.52502~415.6499~375.0969~133.7542~221.9749~-96.75836~0.3845334~0~1~1~None~0~0, LightSource><450.2381><512.0225><0.40454~EffectColor2~-24.90109~-119.8407~-313.5551~-57.112~0~0~None~0~0, LightSource><669.6448><512.3458><0.4045397~EffectColor2~-24.90109~-119.8407~99.0907~-36.47974~0~0~None~0~0, LightSource><558.6452><-1.762505><0.03334444~EffectColor2~-0.7114868~399.5239~50~86.60254~0~1~None~0~0, LightSource><-107.9792><-31.9198><0.03334443~EffectColor2~393.4364~381.7375~50~86.60254~0~1~None~0~0, LightSource><1225.294><-31.9198><0.03334444~EffectColor2~393.4364~381.7375~-351.2626~116.4838~0~1~None~0~0, LightSource><556.9919><629.3519><0.1570773~Environment~118.8135~33.12286~-21.8573~-175.2141~1~0~None~0~0, CustomDecal><291.4196><95.61585><-19.20935~424.1875~497.4677~428.4562~508.8511~-17.78645~330.1167~-38.41867~0.3247959~0.4432061~0~rust3~0.6752034~0.3789295~0.4896048~0.3789295~1~0.3789295~1~0.3789295, CustomDecal><362.948><29.34749><-62.60837~185.849~137.4698~223.5563~178.0229~17.78646~172.8844~129.4854~0.317063~0.5128061~0~iteratorsaint~0.136537~0.4175959~0.136537~0.4175959~0.136537~0.4175959~0.136537~0.4175959, CustomDecal><579.6341><101.7344><47.66766~100.474~261.975~9.407288~202.2125~-104.5844~-13.51776~110.276~0.3093295~0.5050725~0~oda~0.206137~0.618659~0.02053899~0.618659~0.206137~0.618659~0.206137~0.618659, CustomDecal><614.0566><223.8817><-15.6521~229.248~269.0896~200.0782~278.3386~-60.47397~-337.2313~32.72713~0.4794617~1~0~teethman~0.3504081~0.665059~1~0.665059~1~0.665059~1~0.665059, LightSource><289.665><402.9039><0.1029444~EffectColor1~326.5594~161.1854~123.2802~-2.329773~1~1~None~0~0, LightSource><835.4146><402.7813><0.1029444~EffectColor1~326.5594~161.1854~123.2802~-2.329773~1~1~None~0~0, 
FadePalette: 10, 0.7501248
MorePalette0: 28, 0.1546651
