Template: NONE
CeilingDrips: 0.4226675
RainIntensity: 0
RumbleIntensity: 0
Palette: 33
EffectColorA: 2
EffectColorB: 3
Effects: ReplaceEffectColorB-0.3015966-0-0-Color-0-0-0, Moth-0.09279865-0-0, Contrast-0.03093289-258.3386-0, 
PlacedObjects: CommonGateData><600.0145><427.4688><341.1844~-114.3469~False~False~False~False~True~True~False~False~0.2165302~1~1, LightSource><372.9892><353.9761><0.3658732~EffectColor1~388.4563~51.62079~50~86.60254~0~0~None~0~0, LightSource><824.8433><349.4578><0.474137~EffectColor1~-399.1281~1.818756~50~86.60254~0~0~None~0~0, ElectricGateData><594.6785><313.5259><-422.2103~-44.62396~False~True~True~False~False~True~True~True~0~0.9613342~False~0~1~0.5, LightFixture><513.7872><494.3071><RedLight~-309.9503~-85.41458~45, LightFixture><688.8088><492.7054><RedLight~17.32051~-10~21, LightSource><305.0147><697.0545><0.1648095~Environment~-6.403107~-140.473~-101.5406~-243.5141~0~0~None~0~0, LightSource><893.2878><695.2568><0.2189437~Environment~-46.24483~-147.5875~-23.9917~-197.2693~0~0~None~0~0, LightSource><723.7847><653.907><0.203476~Environment~-15.65204~-321.1834~-75.9281~-180.1943~0~0~None~0~0, LightBeam><632.2244><169.1355><59.05103~505.2937~105.4542~504.5823~202.2124~-95.33543~-123.0823~206.3229~0.3845327~0.04640065~0.2165302~0~None~0~0, LightSource><206.3734><437.9707><0.2112092~EffectColor1~0~100~50~86.60254~0~0~None~0~0, LightSource><189.8419><514.1305><0.2421424~EffectColor1~152.2521~-136.9156~-18.29999~-128.9694~0~0~None~0~0, LightSource><990.0858><495.5813><0.3040082~EffectColor1~-32.01563~97.15417~-415.2938~20.43689~0~0~None~0~0, CustomDecal><37.95431><205.7175><29.88126~276.2041~535.8864~261.2636~533.752~-36.28442~735.6478~-80.39481~0.6495929~0.6829381~0~iterators~0.5154654~0.5645272~0.5154654~0.5645272~0.5154654~0.5645272~0.5154654~0.5645272, CustomDecal><647.0428><111.8853><-64.7428~235.651~186.5604~248.4573~218.576~-2.84584~-352.172~45.53329~0.6573254~0.6674718~0~unq - baldfelix~0.4226678~0.4407946~0.4226678~0.4407946~0.4226678~0.4407946~0.4226678~0.4407946, CustomDecal><864.099><251.1074><-51.93646~180.1573~176.6~204.3468~192.9636~-7.82605~-318.7332~19.92078~0.641859~0.682937~0~tentaclehead~0.3221349~0.3943953~0.3221349~0.3943953~0.3221349~0.3943953~0.3221349~0.3943953, CustomDecal><287.2346><140.7024><-26.32394~138.1812~232.8052~94.78229~229.9594~-24.90105~-293.8323~133.7542~0.4562613~1~0~candytag~0.3504076~0.5413271~0.3504076~0.5413271~0.3504076~0.5413271~0.3504076~0.5413271, NoSpearStickZone><599.4706><426.6203><3.557312~148.3792, NoSpearStickZone><121.4111><552.6483><111.699~100.7114, NoSpearStickZone><1046.889><534.8442><-141.5802~-27.35107, InsectGroup><597.1342><502.8503><17.78644~124.901~0~0~Moth~0.2448034, 
FadePalette: 42, 0.3557291
