Template: GW_SettingsTemplate_Inside
DangerType: Rain
WaveSpeed: 0.5130922
WaveLength: 0.9934539
WaveAmplitude: 0.0009918559
SecondWaveLength: 0.1666667
SecondWaveAmplitude: 0
WaterReflectionAlpha: 0
Palette: 6
Effects: Darkness-0.6739131-20-20, LightRain-0.3369565-20-80, 
PlacedObjects: LanternOnStick><718.5769><1044.049><-10.57709~-148.15, LanternOnStick><596.8412><975.9222><43.98022~-104.1979, DangleFruit><391.9849><969.9786><446~-460~2~3, DangleFruit><434.2495><1015.187><412~-312~2~3, CustomDecal><150.4321><817.9134><6~339~231~337~245~-15~-331.8542~100.1927~0.5326087~1~0~ScavMark Stonehead3~0.173913~0.6573256~0.173913~0.6573256~0.173913~0.6573256~0.173913~0.6573256, CustomDecal><102.1768><854.4595><-14~350~786~329~771~-32~-264.3604~56.46979~0.5652174~1~0~ScavMark HI_A27~0.2826087~0.7118887~0.2826087~0.7118887~0.2826087~0.7118887~0.2826087~0.7118887, CustomDecal><617.055><885.801><-33~341~253~381~260~-38~-187.3396~-138.2937~0.5869565~1~0~ScavMark Stonehead2~0.25~0.7965698~0.25~0.7965698~0.25~0.7965698~0.25~0.7965698, Filter><344.8322><315.8588><0~100~104~70~White|Yellow|Red|Rivulet|Saint|Spear|Gourmand, ExitSymbolHidden><330.2507><290.7><, CustomDecal><809.6642><826.3661><-32.01563~78.41876~55.65216~114.7031~98.33948~24.18958~-613.2771~209.8802~0~1~0~scavmark deer~0.3298678~0~0.3298678~0~0.3298678~0~0.3298678~0, LanternOnStick><337.9589><877.9581><36.99585~-62.92398, InsectGroup><539.8688><917.0889><-140.8688~148.3792~0~0~RockFlea~0.5, CustomDecal><43.71146><1047.929><-9.960449~151.699~831.1419~231.3823~839.6792~61.18539~456.7561~-255.4135~0~0.1493431~0~scavmark hi_a27~0.2680027~0.2861302~0.2680027~0.2861302~0.2680027~0.2861302~0.2680027~0.2861302, LightBeam><221.4067><1051.556><-35.57291~422.0532~85.53329~422.0531~150.2761~12.09479~9.960449~-199.9198~0.3613321~0.1082651~0~0~None~0~0, 
FadePalette: 12, 0.6956522, 0.6739131
