DangerType: FloodAndRain
Clouds: 0.04639966
Grime: 0.358141
Palette: 6969
EffectColorA: 13
EffectColorB: 18
Effects: ModifyEffectColorB-0,0.530933,0.2757358-20-20, SkyBloom-0.3040082-12.21352-115.375, Moth-0.02319966-284.702-22.88541, RockFlea-0.05413254-284.7021-75.53333, FireFlies-0.02319933-281.8563-125.3354, 