Template: NONE
DangerType: None
Clouds: 0
Grime: 0.453601
WaterReflectionAlpha: 1
Palette: 1
EffectColorA: 2
EffectColorB: 6
Effects: SkyBloom-0.57226-20-20, FairyParticles-0.8506564-30-30, 
PlacedObjects: NoSpearStickZone><51.32356><328.8177><151.5407~176.126, CustomDecal><507.8638><72.05005><-28.45831~97.62813~292.5676~126.0865~343.7926~7.826042~-83.24072~-336.5198~0.1701315~1~0~birdy~0.2525356~0.5181274~0.2525356~0.5181274~0.2525356~0.5181274~0.2525356~0.5181274, CustomDecal><280.6061><79.11418><69.01154~159.525~386.4802~81.26459~313.9114~-32.01562~-135.1771~-345.0574~0.2319973~1~0~candytag~0.2989349~0.4407949~0.2989349~0.4407949~0.2989349~0.4407949~0.2989349~0.4407949, CustomDecal><400.0071><306.9972><4.980225~72.72708~86.95624~47.82602~84.11041~-17.78647~296.6782~-572.7239~0~1~0~junkgraffiti3~0.7397302~1~0.7397302~1~0.7397302~1~0.7397302~1, SteamPipe><182.9363><299.7789><-102.45~-65.76984, FairyParticleSettings><414.7497><347.3628><301.6782~0.1226501~0~1~1~0~1~1.448696~60~495.2173~40~100~5~30~0~360~0~0.1999999~0.1521739~0.2282609~0.05434782~0.1413043~1~0.1195652~7.790894~Pixel~SIN_IO~SIN_IO~0~0~0, ColouredLightSource><144.8694><85.47855><100~50~FFB891~43.39899^-104.2959~0.6133383~False~0.3504075~0.5954596~0.6082658~Always~0~100, 
FadePalette: 3, 0.4253286
BackgroundOffset: 0,530
