CeilingDrips: 0.1056044
RainIntensity: 0.02561121
RumbleIntensity: 0
WaveSpeed: 0.5
WaveLength: 0.75
WaveAmplitude: 0.04939334
SecondWaveLength: 0.1666667
SecondWaveAmplitude: 0
Clouds: 0.08506576
Effects: AboveCloudsView-1-880.8647-20.00002, Fog-0.317063-228.4573-67.66772, DayNight-0.5026603-477.4677-69.09063, 
PlacedObjects: LightFixture><265.5688><129.1183><RedLight~-514.1388~71.10626~27, LightFixture><435.6909><313.7367><RedLight~-473.5858~-5.731262~92, LightFixture><842.7596><162.4772><RedLight~131.8652~4.229172~99, LightFixture><1008.899><391.9492><RedLight~21.58948~0.6718445~19, LightFixture><778.327><372.2958><RedLight~166.7267~-9.288574~45, InsectGroup><550.1697><1399.109><418.3375~80.79065~0~0~ButterflyA~0.3530691, InsectGroup><554.9207><864.5621><170.0385~173.2802~0~0~RockFlea~0.3453349, InsectGroup><759.3474><359.4851><166.4812~185.375~0~0~RockFlea~0.136537, CustomDecal><30.56641><1010.586><-2.845825~118.2604~256.9948~97.62813~268.3781~-92.48959~407.6655~56.91669~0.3479959~1~0~garbagewormtag~0.5~0.3711966~0.5~0.3711966~0.5~0.3711966~0.5~0.3711966, CustomDecal><814.3112><996.9507><-24.18958~125.375~154.5447~150.9875~168.0626~-3.557281~-255.4136~213.4375~0.3479959~1~0~cartoonface~0.5~0.3325301~0.5~0.3325301~0.5~0.3325301~0.5~0.3325301, CustomDecal><193.5435><928.0671><-14.22916~118.9719~340.2354~153.1219~354.4646~-9.960419~527.9021~-71.8573~0.4717288~1~0~greenwhite~0.8325301~0.3015959~0.8325301~0.3015959~0.8325301~0.3015959~0.8325301~0.3015959, CustomDecal><1047.856><1001.726><0.7114258~94.07088~82.6875~81.26459~73.43848~-44.11041~-507.2698~132.3312~0~1~0~ghostling1~0.2525356~0.9047898~0.2525356~0.9047898~0.2525356~0.9047898~0.2525356~0.9047898, WhiteToken><487.9171><1462.984><19.92096~-80.71039~65.45416~-115.9678~0~MagicaE91~~0~1~0~0~0~1~0~0~0~1~0~0~0~1~0~0~0~1~0~0~0~1~0~0~0~1~0~0~0~1~0~0~0~1~0~0~0~1~0~0~0~1~0~0~0~1~0~0~0~1~0~0~0~1~0~0~0~1~0~0~0~1~0~0~0~1~0~0, DayNightSettings><307.8639><389.5396><-157.924~119.6477~33~10, LightSource><561.5504><1304.029><0.4509403~Environment~82.52924~129.8813~50~86.60254~0~0~None~0~1, LightSource><439.6454><1151.792><0.3272088~Environment~-151.5406~55.88956~50~86.60254~0~0~None~0~1, LightSource><664.7><1165.26><0.3117413~Environment~163.6354~23.87396~50~86.60254~0~0~None~0~1, LightBeam><-120.9766><1113.214><-8.5375~520.2344~1363.313~515.2542~1359.044~-7.82605~147.2719~-43.39893~0.4386663~0~0~0~None~0~1, LightSource><360.4166><837.1575><0.2885417~Environment~-134.4656~-250.0375~-366.2031~-196.5579~0~0~None~0~1, LightSource><770.9117><836.4216><0.3194739~Environment~91.06665~-274.9386~92.6875~-179.4829~0~0~Flash~0.255197~1, NoSpearStickZone><-4.782005><1079.407><41.26459~235.1771, NoSpearStickZone><1132.86><1079.917><15.6521~245.1375, SteamPipe><-9.650627><1179.088><0~100, SteamPipe><1114.327><1208.26><0~100, SteamPipe><22.47174><1180.666><0~100, WallSteamer><1101.011><1150.505><0~100, CosmeticSlimeMold2><921.287><390.5074><27.0354~107.1146, SlimeMold><924.5975><454.4564><0~0~2~3, SlimeMold><939.6019><443.3409><0~0~2~3, SlimeMold><858.905><456.241><0~0~2~3, SlimeMold><973.715><411.7903><0~0~2~3, LightSource><1046.184><212.3361><0.08747797~EffectColor1~25.61243~203.873~-93.71466~193.3213~1~1~None~0~0, LightSource><839.9095><111.702><0.1261437~EffectColor1~0~100~50~86.60254~1~1~None~0~0, ReliableSpear><469.3947><82.72412><, ReliableSpear><491.9095><84.78021><, ReliableSpear><541.1744><83.89328><, 
FadePalette: 33, 0.09279881, 0.9047894
BackgroundOffset: 77.32868,900
BackgroundType: atc_e9_srsdistance
